Date,Transaction Details,Expense/Income,USD,Notes,Balance (USD),Normalized Category
1-Oct-24,"PAYMENT FROM LY PHENGHOR 016847399 BANK ACLEDA Bank Plc. ORIGINAL AMOUNT 8.00 USD AT LENG KOEMHORT ON Oct 01, 2024 06:56 PM REMARK: |APV:|Purchase #:|Remark:42752250120 | KHQR      REF# 100FT33213925619 TRAN# KHQR_2427518515264 HASH# 327f4f94",INCOME,8.0,Payment received from Ly Phenghor.,8.48,Income
1-Oct-24,"PURCHASE AT LENG THOEURNG ON Oct 01, 2024 07:19 PM  ORIGINAL AMOUNT 8.00 USD  REMARK: NONUNICODE-     REF# 100FT33214004877 PURCHASE#  172778517738918 APV 565975",EXPENSE,8.0,"""Purchase at Leng ThoEURng for $8.00.""",0.48,Entertainment
1-Oct-24,"FUNDS RECEIVED FROM PHENG ROTHA (004 179 676) ORIGINAL AMOUNT 8.00 USD REF# 100FT33214037497 ON Oct 01, 2024 07:29 PM REMARK: NONUNICODE-    ",INCOME,8.0,Payment received from Pheng Rotha.,8.48,Income
1-Oct-24,"FUNDS RECEIVED FROM MET TONG (003 667 540) ORIGINAL AMOUNT 8.00 USD REF# 100FT33214239190 ON Oct 01, 2024 08:34 PM REMARK: NONUNICODE-    ",INCOME,8.0,Payment received from Met Tong.,16.48,Income
5-Oct-24,"PAYMENT TO Metfone (PIN-less) 0312751111 ORIGINAL AMOUNT 1.00 USD REF# 100FT33226403380 EXT# 1508794952 ON Oct 05, 2024 08:39 AM REMARK:   ",EXPENSE,1.0,Payment made to Metfone.,15.48,Transport
7-Oct-24,"PURCHASE AT CALTEX PET LOKSANG 01 ON Oct 07, 2024 08:09 AM  ORIGINAL AMOUNT 2.24 USD  REMARK: NONUNICODE-     REF# 100FT33235557319 PURCHASE#  172826339099824 APV 753501",EXPENSE,2.24,"""Gas purchase at Caltex Pet Lok Sang.""",13.24,Transport
7-Oct-24,"FUNDS TRANSFERRED TO CHANN SOTHY 002279938 ORIGINAL AMOUNT 1.75 USD REF# 100FT33238300008 ON Oct 07, 2024 03:56 PM REMARK: NONUNICODE-      ",EXPENSE,1.75,Payment sent to Chann Sothy.,11.49,Income
10-Oct-24,"PURCHASE AT VIREAK BUNTHAM ON Oct 10, 2024 09:06 PM PURCHASE# CAMR-92Za6YLsHWggC APV 953887 ORIGINAL AMOUNT 9.75 USD REF# 100FT33255523334",EXPENSE,9.75,"""Purchase made at Vireak Buntham.""",1.74,Entertainment
10-Oct-24,"FUNDS RECEIVED FROM LY DALIS (001 133 682) ORIGINAL AMOUNT 10.00 USD REF# 100FT33255620541 ON Oct 10, 2024 09:34 PM REMARK: NONUNICODE-    ",INCOME,10.0,Payment received from Ly Dalis.,11.74,Income
